1000
7362
7723
9978
2931
3293
2269
3007
6897
7744
120
2628
3589
3065
9442
1769
8480
6684
9187
9516
8834
1938
6574
5111
4150
373
1212
425
1976
8376
4539
2874
5150
9682
3497
5024
9732
3968
5802
1462
145
9427
7188
4496
5790
2565
4453
1924
6990
7281
633
1923
8388
5633
8832
397
7172
7176
7878
9063
5956
2510
6913
899
6189
9108
4719
4418
4158
1744
1471
3005
6880
7831
8973
8580
4338
9593
6589
596
9516
1016
958
3780
3377
5787
2178
1351
7283
48
1467
4658
7890
1662
2535
8809
5049
1070
5725
7521
4949
9582
3871
2145
5630
3251
3573
2672
9478
6477
2854
669
401
3172
5845
7730
3791
2668
8685
7466
9818
6744
8996
3820
5231
261
5494
4982
796
7686
2633
2332
7419
4930
5283
8768
6764
7264
1419
4601
9383
4217
8617
5382
435
8714
6781
9336
6724
2062
6687
8847
4809
4130
2200
8601
5313
7873
6936
6867
452
7826
8620
4627
305
1397
8935
5732
8208
8080
9660
1750
422
2948
8976
9867
438
8256
8216
1935
6247
8652
3918
2822
4123
2925
9174
1406
2517
1782
8131
1269
4062
6630
7884
4219
861
9769
6211
6756
9595
2173
8307
8053
3214
1174
9178
6309
1229
4069
3089
5788
3593
3506
8918
3353
135
3437
3923
1015
2336
4546
2174
1149
1730
7438
4528
7590
6556
8381
5210
3534
9676
5
4802
4911
2787
2189
2029
5474
3228
4352
8166
6071
8590
8379
7750
854
5585
1807
557
8565
3734
6992
7750
7661
8373
3937
3175
1642
1081
1130
9111
8265
7241
5772
2946
5876
9157
1704
2468
4754
329
5216
8066
4566
5548
7948
3756
8678
6368
9753
8384
7528
3925
4620
2374
1664
8104
8975
4893
1360
32
8595
2297
3425
9643
7154
7876
1589
8170
6762
7248
3824
1513
6921
3835
8740
204
8441
5000
118
5457
1449
8756
2809
5452
7495
4290
1218
2657
6548
4899
36
8801
3705
3096
4833
3913
2201
8809
8956
3095
7418
8894
8194
5039
6776
4381
456
1997
6283
5046
5908
7609
4106
1181
2214
88
3084
5928
5498
3591
2216
7113
3456
8191
9586
81
6522
3156
1797
156
2810
5021
6240
5406
500
6149
3816
708
3321
2392
6929
8730
5797
1792
4727
3190
2517
8838
1192
269
1107
2527
6953
650
7453
7102
1223
1939
2639
3277
2739
7435
7685
4721
6518
949
60
8190
7939
5179
5751
7937
8320
9572
2467
2212
6793
9651
4621
6324
3245
7442
3652
2927
1946
5547
6272
7324
330
2944
962
3558
2856
5542
1995
9180
7654
9451
6
1517
217
1471
193
9502
3362
720
3166
2709
2686
9420
1842
2814
5374
4913
4182
7623
7784
8004
7539
3367
919
3573
9653
9457
8140
3075
4178
8550
9525
3864
9590
438
7097
6216
8576
9676
5305
1898
5561
3753
4213
2759
7804
8623
4192
2231
8225
8295
6156
5522
7217
5640
3773
9803
333
2421
1756
2040
7677
1883
1835
4446
5261
6134
719
229
1571
6909
5866
929
9967
7425
1530
7919
287
3246
6720
4570
5074
2913
3987
8706
5687
7173
9539
2882
2184
7906
7720
3524
7518
5959
9938
2876
3688
9188
3236
1094
4632
172
8111
2307
9536
5080
9520
1215
4683
1676
2070
4615
9696
3685
7578
2140
14
2725
9658
1735
1859
6986
4288
3731
9289
9066
2641
4416
2860
3667
9549
8625
7386
1352
9827
9698
1131
2717
8639
4422
3141
6247
6308
815
5143
7840
1760
1307
3365
7137
9485
9549
3226
4543
5773
2347
9120
1172
7651
7734
5820
7896
6398
425
148
1747
2424
8113
5459
22
7630
2196
5882
6506
1607
7378
2103
8526
1739
6702
4079
2556
3250
6171
2767
1658
7897
1655
6471
2469
3846
712
7015
8222
4149
5720
8453
1491
3530
4336
1807
6897
7089
5430
4018
404
7706
3502
7475
7595
5208
6143
386
3554
7179
8552
6659
4656
4064
1192
5447
2419
8136
6275
5666
477
2611
138
3156
4722
6127
3345
5495
8013
1750
8367
1777
2214
9018
9355
8521
1535
5232
1945
2003
9750
1737
2515
8506
5177
9751
6334
2301
855
6081
4180
49
2822
177
991
9533
8208
1147
4056
5616
1540
3916
9849
6199
9391
1262
4737
2013
8410
6603
5574
9317
3794
928
8142
6857
2127
7540
9318
1363
4677
9719
569
406
8850
4280
5385
1808
5582
1536
7071
8184
5066
3775
1379
7731
2161
9584
1943
945
1178
1232
4375
2044
6435
188
2622
5869
846
1877
2497
6682
6116
6936
1636
3529
3315
6881
5447
1379
4986
7144
2472
7233
3340
2497
4250
7953
1141
1345
1294
5458
1839
9120
4572
1877
9330
813
694
4599
9167
1719
5515
803
8563
6825
8088
8871
8255
4396
7025
8798
3065
5488
7177
1626
2252
6557
5064
6429
172
2979
2438
7087
628
9538
180
454
9532
3893
6194
9771
8179
2245
2846
4103
2636
7543
487
8309
352
3610
5718
5675
6157
87
5753
2625
8369
8620
698
2210
4921
247
6990
2485
5168
4348
42
335
2600
4062
3002
1799
7709
1340
2302
7389
8546
3138
3901
9003
3425
802
4112
2722
8521
5938
1853
4412
6605
8989
608
1015
7559
6935
4767
3393
835
1003
4053
9296
5515
5922
6111
4583
5942
8193
553
5301
9955
5038
7146
3124
3910
7485
2452
8354
899
1613
1256
2629
9713
7342
2978
591
7183
1436
2683
7904
8063
8186
1297
9662
4593
9821
6946
7041
7949
4811
8810
3547
3759
4701
7086
63
134
4560
7402
9151
2814
299
7958
5644
9530
3136
3446
902
1713
7629
3488
3714
5150
3609
6338
6123
3951
6216
4808
1565
3843
1386
8087
8938
1058
5089
7063
5611
8432
1173
7113
3845
1626
4095
3487
2071
3845
1923
4779
4903
5630
1327
1116
4745
699
5778
3972
5594
5961
8046
9807
745
1606
1192
6870
7058
8683
3758
4930
1101
7824
7615
6086
6630
1195
8006
6542
4901
1866
7517
2125
463
1587
7470
717
9958
7209
3186
6671
2403
2246
1521
6704
1676
1129